3195 58
3185 52
3181 29
3170 40
3149 60
3099 36
3076 7
3060 62
3040 34
3021 66
3021 56
3013 48
2971 5
2874 9
2860 25
2839 3
2714 42
2631 64
2612 44
2556 46
2526 31
2500 17
2407 74
2345 72
2225 21
2216 54
2205 27
2196 38
2129 11
2026 15
1675111 58
1675040 52
1662392 29
1640181 40
1612324 60
1542524 36
1397041 7
1166494 62
838373 34
463087 66
168440 56
30698 48
5314 5
3196 74
3196 64
3196 54
3196 46
3196 44
3196 42
3196 38
3196 27
3196 25
3196 21
3196 17
3196 11
3196 9
3195 72
3195 31
3195 3
1678306 74
1678306 66
1678306 64
1678306 62
1678306 60
1678306 58
1678306 56
1678306 54
1678306 52
1678306 48
1678306 46
1678306 44
1678306 42
1678306 40
1678306 38
1678306 36
1678306 34
1678306 29
1678306 27
1678306 25
1678306 21
1678306 17
1678306 7
1678306 5
1675111 72
1675111 31
1675111 11
1675111 9
